38
48
30
69
86
70
50
29
54
65
85
38
95
24
76
92
83
97
77
24
65
50
36
40
64
99
95
96
72
50
43
29
31
46
46
84
95
53
88
38
26
55
62
47
83
49
61
79
22
49
75
62
36
23
92
22
94
96
82
53
98
37
97
35
72
73
80
80
66
44
20
59
83
70
20
61
99
35
33
80
35
70
44
30
30
87
51
77
26
66
58
41
72
90
92
85
87
35
100
74
47
49
97
88
73
79
30
55
50
59
48
26
86
44
90
78
58
65
51
98
94
68
51
69
24
24
23
25
30
44
46
96
93
64
45
100
79
53
80
43
30
80
69
82
63
88
29
93
81
69
20
39
52
93
92
42
44
24
45
54
88
94
76
81
63
88
43
88
89
34
86
71
97
50
38
20
34
29
40
98
92
58
70
81
40
67
24
24
67
42
44
88
89
39
98
81
47
40
70
78
69
20
90
79
31
90
75
89
98
39
45
75
50
35
100
35
29
76
28
69
39
36
69
44
89
79
63
42
31
29
71
22
90
39
55
62
71
61
90
53
87
30
33
30
80
31
92
50
53
74
20
58
81
29
35
100
66
28
43
35
65
58
32
81
30
63
76
71
82
63
63
26
76
27
95
20
87
71
37
37
26
100
21
54
34
90
65
90
44
97
64
98
61
24
99
79
68
67
38
91
88
49
28
87
75
55
22
50
87
76
50
74
100
51
51
60
44
46
30
89
91
27
58
55
94
91
65
51
62
41
95
57
53
44
22
42
94
35
23
26
61
85
70
71
33
47
90
98
69
49
86
54
71
27
68
63
52
21
93
80
52
25
79
21
76
56
74
69
61
64
91
56
100
42
39
66
70
22
80
84
82
32
60
68
93
41
86
94
82
94
67
30
36
35
92
70
47
46
80
64
46
55
98
65
25
42
90
49
70
96
94
48
66
79
54
55
51
40
94
34
56
89
61
81
35
97
20
61
73
22
29
78
61
77
74
48
59
41
64
91
39
83
89
69
85
97
82
70
52
98
76
44
37
64
66
66
47
45
64
100
34
52
40
70
44
65
58
29
45
30
72
42
51
46
42
56
62
34
66
24
78
71
76
35
79
62
79
61
34
98
89
27
80
56
83
28
81
47
56
74
